[0]                            Vertices:   ID | Target Rank | Position  | Neighbor Edges
[0]                            ---------------------------------------------------------
[0]                                         0 |           0 | [0, 0, 0] | 51 52
[0]                                         1 |           0 | [1, 0, 0] | 53 54 55 56
[0]                                         2 |           0 | [0, 1, 0] | 57 58 59 60
[0]                                         3 |           0 | [1, 1, 0] | 61 62
[0]                                         4 |           0 | [0, 0.5, 0] | 63 64 65 66 67 68
[0]                                         5 |           0 | [0.5, 0, 0] | 69 70 71 72 73
[0]                                         6 |           0 | [0.5, 0.5, 0] | 74 75 76 77 78 79 80 81 82 83
[0]                                         7 |           0 | [1, 0.5, 0] | 84 85 86 87 88 89
[0]                                         8 |           0 | [0.5, 1, 0] | 90 91 92 93 94
[0]                                         9 |           0 | [0.75, 0.25, 0] | 53 95 96 97 98
[0]                                        10 |           0 | [0.75, 0, 0] | 54 95 99 100 101
[0]                                        11 |           0 | [0.5, 0.25, 0] | 96 99 102 103 104 105 106 107 108 109
[0]                                        12 |           0 | [0.5, 0.75, 0] | 110 111 112 113 114 115 116 117 118 119
[0]                                        13 |           0 | [0.25, 1, 0] | 57 110 120 121 122
[0]                                        14 |           0 | [0.25, 0.75, 0] | 58 111 120 123 124
[0]                                        15 |           0 | [0.25, 0.5, 0] | 63 102 125 126 127
[0]                                        16 |           0 | [0.25, 0.25, 0] | 64 103 125 128 129
[0]                                        17 |           0 | [0.75, 0.75, 0] | 84 112 130 131 132
[0]                                        18 |           0 | [0.75, 0.5, 0] | 85 113 130 133 134
[0]                                        19 |           0 | [0.25, 0, 0] | 51 69 135 136
[0]                                        20 |           0 | [0, 0.25, 0] | 52 65 135 137
[0]                                        21 |           0 | [0.25, 0.25, 0] | 66 70 136 137
[0]                                        22 |           0 | [1, 0.25, 0] | 55 86 138 139
[0]                                        23 |           0 | [0.75, 0.25, 0] | 56 74 138 140
[0]                                        24 |           0 | [0.75, 0.5, 0] | 75 87 139 140
[0]                                        25 |           0 | [0.25, 0.75, 0] | 59 76 141 142
[0]                                        26 |           0 | [0, 0.75, 0] | 60 67 141 143
[0]                                        27 |           0 | [0.25, 0.5, 0] | 68 77 142 143
[0]                                        28 |           0 | [0.75, 0.75, 0] | 88 90 144 145
[0]                                        29 |           0 | [0.75, 1, 0] | 61 91 144 146
[0]                                        30 |           0 | [1, 0.75, 0] | 62 89 145 146
[0]                                        31 |           0 | [0.625, 0, 0] | 71 100 147 148
[0]                                        32 |           0 | [0.625, 0.125, 0] | 101 104 147 149
[0]                                        33 |           0 | [0.5, 0.125, 0] | 72 105 148 149 150 151
[0]                                        34 |           0 | [0.375, 0.125, 0] | 73 128 150 152
[0]                                        35 |           0 | [0.375, 0.25, 0] | 106 129 151 152
[0]                                        36 |           0 | [0.625, 0.375, 0] | 78 97 153 154
[0]                                        37 |           0 | [0.625, 0.25, 0] | 98 107 153 155
[0]                                        38 |           0 | [0.5, 0.375, 0] | 79 108 154 155 156 157
[0]                                        39 |           0 | [0.375, 0.375, 0] | 109 126 156 158
[0]                                        40 |           0 | [0.375, 0.5, 0] | 80 127 157 158
[0]                                        41 |           0 | [0.375, 0.75, 0] | 114 123 159 160
[0]                                        42 |           0 | [0.5, 0.625, 0] | 81 115 159 161 162 163
[0]                                        43 |           0 | [0.375, 0.625, 0] | 82 124 160 161
[0]                                        44 |           0 | [0.625, 0.5, 0] | 83 133 162 164
[0]                                        45 |           0 | [0.625, 0.625, 0] | 116 134 163 164
[0]                                        46 |           0 | [0.375, 1, 0] | 92 121 165 166
[0]                                        47 |           0 | [0.5, 0.875, 0] | 93 117 165 167 168 169
[0]                                        48 |           0 | [0.375, 0.875, 0] | 118 122 166 167
[0]                                        49 |           0 | [0.625, 0.875, 0] | 94 131 168 170
[0]                                        50 |           0 | [0.625, 0.75, 0] | 119 132 169 170
[0]
[0]                            Edges:      ID | Target Rank | VertexID_0 | VertexID_1 | mesh boundary flag   | Neighbor Faces
[0]                            ----------------------------------------------------------------------------------------------
[0]                                        51 |           0 |          0 |         19 |                    1 | 171
[0]                                        52 |           0 |          0 |         20 |                    1 | 171
[0]                                        53 |           0 |          1 |          9 |                    1 | 172
[0]                                        54 |           0 |          1 |         10 |                    1 | 172
[0]                                        55 |           0 |          1 |         22 |                    1 | 173
[0]                                        56 |           0 |          1 |         23 |                    1 | 173
[0]                                        57 |           0 |          2 |         13 |                    1 | 174
[0]                                        58 |           0 |          2 |         14 |                    1 | 174
[0]                                        59 |           0 |          2 |         25 |                    1 | 175
[0]                                        60 |           0 |          2 |         26 |                    1 | 175
[0]                                        61 |           0 |          3 |         29 |                    1 | 176
[0]                                        62 |           0 |          3 |         30 |                    1 | 176
[0]                                        63 |           0 |          4 |         15 |                    1 | 177
[0]                                        64 |           0 |          4 |         16 |                    1 | 177
[0]                                        65 |           0 |          4 |         20 |                    1 | 178
[0]                                        66 |           0 |          4 |         21 |                    1 | 178
[0]                                        67 |           0 |          4 |         26 |                    1 | 179
[0]                                        68 |           0 |          4 |         27 |                    1 | 179
[0]                                        69 |           0 |          5 |         19 |                    1 | 180
[0]                                        70 |           0 |          5 |         21 |                    1 | 180
[0]                                        71 |           0 |          5 |         31 |                    1 | 181
[0]                                        72 |           0 |          5 |         33 |                    0 | 181 182
[0]                                        73 |           0 |          5 |         34 |                    1 | 182
[0]                                        74 |           0 |          6 |         23 |                    1 | 183
[0]                                        75 |           0 |          6 |         24 |                    1 | 183
[0]                                        76 |           0 |          6 |         25 |                    1 | 184
[0]                                        77 |           0 |          6 |         27 |                    1 | 184
[0]                                        78 |           0 |          6 |         36 |                    1 | 185
[0]                                        79 |           0 |          6 |         38 |                    0 | 185 186
[0]                                        80 |           0 |          6 |         40 |                    1 | 186
[0]                                        81 |           0 |          6 |         42 |                    0 | 187 188
[0]                                        82 |           0 |          6 |         43 |                    1 | 187
[0]                                        83 |           0 |          6 |         44 |                    1 | 188
[0]                                        84 |           0 |          7 |         17 |                    1 | 189
[0]                                        85 |           0 |          7 |         18 |                    1 | 189
[0]                                        86 |           0 |          7 |         22 |                    1 | 190
[0]                                        87 |           0 |          7 |         24 |                    1 | 190
[0]                                        88 |           0 |          7 |         28 |                    1 | 191
[0]                                        89 |           0 |          7 |         30 |                    1 | 191
[0]                                        90 |           0 |          8 |         28 |                    1 | 192
[0]                                        91 |           0 |          8 |         29 |                    1 | 192
[0]                                        92 |           0 |          8 |         46 |                    1 | 193
[0]                                        93 |           0 |          8 |         47 |                    0 | 193 194
[0]                                        94 |           0 |          8 |         49 |                    1 | 194
[0]                                        95 |           0 |          9 |         10 |                    0 | 172 195
[0]                                        96 |           0 |          9 |         11 |                    1 | 195
[0]                                        97 |           0 |          9 |         36 |                    1 | 196
[0]                                        98 |           0 |          9 |         37 |                    1 | 196
[0]                                        99 |           0 |         10 |         11 |                    1 | 195
[0]                                       100 |           0 |         10 |         31 |                    1 | 197
[0]                                       101 |           0 |         10 |         32 |                    1 | 197
[0]                                       102 |           0 |         11 |         15 |                    1 | 198
[0]                                       103 |           0 |         11 |         16 |                    1 | 198
[0]                                       104 |           0 |         11 |         32 |                    1 | 199
[0]                                       105 |           0 |         11 |         33 |                    0 | 199 200
[0]                                       106 |           0 |         11 |         35 |                    1 | 200
[0]                                       107 |           0 |         11 |         37 |                    1 | 201
[0]                                       108 |           0 |         11 |         38 |                    0 | 201 202
[0]                                       109 |           0 |         11 |         39 |                    1 | 202
[0]                                       110 |           0 |         12 |         13 |                    1 | 203
[0]                                       111 |           0 |         12 |         14 |                    1 | 203
[0]                                       112 |           0 |         12 |         17 |                    1 | 204
[0]                                       113 |           0 |         12 |         18 |                    1 | 204
[0]                                       114 |           0 |         12 |         41 |                    1 | 205
[0]                                       115 |           0 |         12 |         42 |                    0 | 205 206
[0]                                       116 |           0 |         12 |         45 |                    1 | 206
[0]                                       117 |           0 |         12 |         47 |                    0 | 207 208
[0]                                       118 |           0 |         12 |         48 |                    1 | 207
[0]                                       119 |           0 |         12 |         50 |                    1 | 208
[0]                                       120 |           0 |         13 |         14 |                    0 | 174 203
[0]                                       121 |           0 |         13 |         46 |                    1 | 209
[0]                                       122 |           0 |         13 |         48 |                    1 | 209
[0]                                       123 |           0 |         14 |         41 |                    1 | 210
[0]                                       124 |           0 |         14 |         43 |                    1 | 210
[0]                                       125 |           0 |         15 |         16 |                    0 | 177 198
[0]                                       126 |           0 |         15 |         39 |                    1 | 211
[0]                                       127 |           0 |         15 |         40 |                    1 | 211
[0]                                       128 |           0 |         16 |         34 |                    1 | 212
[0]                                       129 |           0 |         16 |         35 |                    1 | 212
[0]                                       130 |           0 |         17 |         18 |                    0 | 189 204
[0]                                       131 |           0 |         17 |         49 |                    1 | 213
[0]                                       132 |           0 |         17 |         50 |                    1 | 213
[0]                                       133 |           0 |         18 |         44 |                    1 | 214
[0]                                       134 |           0 |         18 |         45 |                    1 | 214
[0]                                       135 |           0 |         19 |         20 |                    0 | 171 215
[0]                                       136 |           0 |         19 |         21 |                    0 | 180 215
[0]                                       137 |           0 |         20 |         21 |                    0 | 178 215
[0]                                       138 |           0 |         22 |         23 |                    0 | 173 216
[0]                                       139 |           0 |         22 |         24 |                    0 | 190 216
[0]                                       140 |           0 |         23 |         24 |                    0 | 183 216
[0]                                       141 |           0 |         25 |         26 |                    0 | 175 217
[0]                                       142 |           0 |         25 |         27 |                    0 | 184 217
[0]                                       143 |           0 |         26 |         27 |                    0 | 179 217
[0]                                       144 |           0 |         28 |         29 |                    0 | 192 218
[0]                                       145 |           0 |         28 |         30 |                    0 | 191 218
[0]                                       146 |           0 |         29 |         30 |                    0 | 176 218
[0]                                       147 |           0 |         31 |         32 |                    0 | 197 219
[0]                                       148 |           0 |         31 |         33 |                    0 | 181 219
[0]                                       149 |           0 |         32 |         33 |                    0 | 199 219
[0]                                       150 |           0 |         33 |         34 |                    0 | 182 220
[0]                                       151 |           0 |         33 |         35 |                    0 | 200 220
[0]                                       152 |           0 |         34 |         35 |                    0 | 212 220
[0]                                       153 |           0 |         36 |         37 |                    0 | 196 221
[0]                                       154 |           0 |         36 |         38 |                    0 | 185 221
[0]                                       155 |           0 |         37 |         38 |                    0 | 201 221
[0]                                       156 |           0 |         38 |         39 |                    0 | 202 222
[0]                                       157 |           0 |         38 |         40 |                    0 | 186 222
[0]                                       158 |           0 |         39 |         40 |                    0 | 211 222
[0]                                       159 |           0 |         41 |         42 |                    0 | 205 223
[0]                                       160 |           0 |         41 |         43 |                    0 | 210 223
[0]                                       161 |           0 |         42 |         43 |                    0 | 187 223
[0]                                       162 |           0 |         42 |         44 |                    0 | 188 224
[0]                                       163 |           0 |         42 |         45 |                    0 | 206 224
[0]                                       164 |           0 |         44 |         45 |                    0 | 214 224
[0]                                       165 |           0 |         46 |         47 |                    0 | 193 225
[0]                                       166 |           0 |         46 |         48 |                    0 | 209 225
[0]                                       167 |           0 |         47 |         48 |                    0 | 207 225
[0]                                       168 |           0 |         47 |         49 |                    0 | 194 226
[0]                                       169 |           0 |         47 |         50 |                    0 | 208 226
[0]                                       170 |           0 |         49 |         50 |                    0 | 213 226
[0]
[0]                            Faces:      ID | Target Rank | EdgeID_0 | EdgeID_1 | EdgeID_2
[0]                            -------------------------------------------------------------
[0]                                       171 |           0 |       51 |       52 |      135
[0]                                       172 |           0 |       53 |       54 |       95
[0]                                       173 |           0 |       55 |       56 |      138
[0]                                       174 |           0 |       57 |       58 |      120
[0]                                       175 |           0 |       59 |       60 |      141
[0]                                       176 |           0 |       61 |       62 |      146
[0]                                       177 |           0 |       63 |       64 |      125
[0]                                       178 |           0 |       65 |       66 |      137
[0]                                       179 |           0 |       67 |       68 |      143
[0]                                       180 |           0 |       69 |       70 |      136
[0]                                       181 |           0 |       71 |       72 |      148
[0]                                       182 |           0 |       72 |       73 |      150
[0]                                       183 |           0 |       74 |       75 |      140
[0]                                       184 |           0 |       76 |       77 |      142
[0]                                       185 |           0 |       78 |       79 |      154
[0]                                       186 |           0 |       79 |       80 |      157
[0]                                       187 |           0 |       81 |       82 |      161
[0]                                       188 |           0 |       81 |       83 |      162
[0]                                       189 |           0 |       84 |       85 |      130
[0]                                       190 |           0 |       86 |       87 |      139
[0]                                       191 |           0 |       88 |       89 |      145
[0]                                       192 |           0 |       90 |       91 |      144
[0]                                       193 |           0 |       92 |       93 |      165
[0]                                       194 |           0 |       93 |       94 |      168
[0]                                       195 |           0 |       95 |       96 |       99
[0]                                       196 |           0 |       97 |       98 |      153
[0]                                       197 |           0 |      100 |      101 |      147
[0]                                       198 |           0 |      102 |      103 |      125
[0]                                       199 |           0 |      104 |      105 |      149
[0]                                       200 |           0 |      105 |      106 |      151
[0]                                       201 |           0 |      107 |      108 |      155
[0]                                       202 |           0 |      108 |      109 |      156
[0]                                       203 |           0 |      110 |      111 |      120
[0]                                       204 |           0 |      112 |      113 |      130
[0]                                       205 |           0 |      114 |      115 |      159
[0]                                       206 |           0 |      115 |      116 |      163
[0]                                       207 |           0 |      117 |      118 |      167
[0]                                       208 |           0 |      117 |      119 |      169
[0]                                       209 |           0 |      121 |      122 |      166
[0]                                       210 |           0 |      123 |      124 |      160
[0]                                       211 |           0 |      126 |      127 |      158
[0]                                       212 |           0 |      128 |      129 |      152
[0]                                       213 |           0 |      131 |      132 |      170
[0]                                       214 |           0 |      133 |      134 |      164
[0]                                       215 |           0 |      135 |      136 |      137
[0]                                       216 |           0 |      138 |      139 |      140
[0]                                       217 |           0 |      141 |      142 |      143
[0]                                       218 |           0 |      144 |      145 |      146
[0]                                       219 |           0 |      147 |      148 |      149
[0]                                       220 |           0 |      150 |      151 |      152
[0]                                       221 |           0 |      153 |      154 |      155
[0]                                       222 |           0 |      156 |      157 |      158
[0]                                       223 |           0 |      159 |      160 |      161
[0]                                       224 |           0 |      162 |      163 |      164
[0]                                       225 |           0 |      165 |      166 |      167
[0]                                       226 |           0 |      168 |      169 |      170